1636189
12348
1148
182710
2259340
1560342
1490052
1541211
47761
570949
2057743
71032
1776385
104263
363841
1922782
1149952
1513271
64320
2049047
99807
1432857
1496
1678176
496057
665914
2083001
11280
120087
387907
182773
2565560
1453505
1647403
871742
201490
1410647
2078013
1297581
642252
1922874
52274
2686358
996311
2055947
404589
1923769
2169932
1922447
1685774
243272
33748
1675608
2169936
85681
1660076
2315689
1121307
2029670
289397
10724
1121338
1219896
1527523
1423758
1267
2053833
2002
1343901
2548456
29542
1843741
2058136
644548
1692
1122204
2604047
177416
1220588
2304214
2596677
1434323
1849967
1784981
2696340
362837
1122149
60877
287986
1906245
329937
1408160
314265
83656
37334
1429791
1567108
1923640
1679445
103782
66378
1711685
1940252
408136
1308863
2592814
2059857
1905
1907771
1177180
1522309
2018502
1219050
878260
1082703
373862
1178540
1212546
1408456
545693
11620
1391031
1678131
1220714
1536604
1560351
1133751
387344
1086751
1608105
1235646
1500829
545695
1521387
1922611
1519388
1120949
46917
1777054
707214
882768
449447
1414644
2650975
2219139
1298531
1588685
47857
1843763
1923258
427351
1173297
2006073
67295
883077
226613
434309
2340725
1036615
205875
875323
1055750
1144300
1033739
1678224
144178
2169907
1914900
2484904
312273
937773
46350
28871
942150
88074
796379
1833824
1498171
1755785
11764
1507287
318279
1680
888066
1435446
1619899
1051139
31757
1922618
1434120
931972
434346
33014
1475063
1591085
40058
1532180
1247379
1922832
551115
1167691
1123307
1970798
1945658
2684658
1685736
195062
1176422
1560285
874268
203795
904314
1922354
1909
1336795
1784979
35313
1821222
2035999
314724
1255616
2169743
332949
119206
2283267
1775963
1121362
237679
1533
764561
2044939
11665
43759
1923688
1891279
1922377
312009
1121896
1813879
198628
903507
1592095
1266458
1843758
1247113
2162698
48544
320835
289367
2170240
1922941
395965
1569052
1336796
1718158
1077675
281492
1038082
268316
273032
748727
1980475
166122
561180
431269
1121011
1041807
273358
1636250
1914300
1913112
1793963
1155944
416943
12139
1922593
561229
1500757
1267169
1121434
2545799
1038845
1216973
518635
1295
2559111
1050202
2316025
2052936
1220563
1569922
2338552
441768
1798216
2500535
2283194
865937
1123237
10519
1904880
1204514
1262515
1010670
221915
10566
1409
1843751
1931095
935938
1132509
2079148
1608121
883166
1913048
2010315
1853690
1303683
1155096
64287
2041
1923143
2705547
1605
1449347
1810705
2603296
1907782
1658110
1852625
2107708
1111676
1054649
1548207
1111760
10271
1357423
1240471
1862127
1112204
2052743
248905
1538804
538398
119978
1660083
47874
573570
1225069
2078
2575361
2315464
1841249
1432658
1501662
2026187
1416349
83201
706439
1714363
1923130
1423759
1414721
2594005
2656760
12198
266265
2480177
487514
1367126
2077303
1922609
2169904
1611877
1616117
2108362
1917166
1391911
1848903
1262518
64283
382638
150120
1141526
1458714
1469908
1452750
1777142
1821727
332186
202752
1123303
1813182
64293
1454024
67263
1566990
1882749
1123349
1041406
747682
562969
64299
1923418
2010265
1344042
1511919
1688
1923740
1593482
265669
1234874
1504823
1987143
1926494
1531429
33899
1692253
213769
316058
1325564
299146
1114960
2049933
1923445
695939
2670345
1535802
94122
679935
258723
1923306
57579
334390
35314
1923709
2138326
1569054
867917
2711
1121331
1445728
1162557
1506184
28110
1922779
1230457
2293291
2588504
486410
321895
714313
61858
435908
1125971
1692246
12204
10717
1868589
59506
1922870
541229
718192
1838077
1923262
367850
1648
1788439
1980001
12915
482234
1006585
1423767
333138
1659220
1296662
889202
1735586
160842
1430326
1076137
1618251
1357714
888727
1294263
1702238
192222
1121298
1163389
64284
1433292
29343
544581
262719
180504
1923583
338966
180587
766136
248906
1980612
1960255
859651
1425363
444103
1365176
1105380
1636545
1923246
1449345
2602016
2588534
637381
402881
1340750
84962
1304886
2065379
1923296
1685786
1923136
1340831
2170121
1915400
10243
1718599
1453103
1411123
1000665
47865
57119
231024
1337936
2320881
129985
78535
436229
1922805
1198134
1330040
1454023
1224151
1636201
2169400
1115803
320837
1192759
1423790
1122203
2024316
1343077
190065
1408250
1458724
2170194
277988
405566
218849
1121935
2202000
1590173
1873954
457430
2079234
1941
557598
912029
1034807
10353
1670641
1505225
1839799
1161939
1089113
2656761
2307003
100755
794903
1579460
2079134
1907
1954171
877455
1676184
903984
39493
1394979
1705617
1036616
58535
1922592
1048857
1843761
1703339
257309
1227452
200991
629727
2528021
2588097
586733
386043
64288
266951
2170052
1868599
2170745
1527512
254955
1316445
1984801
2488949
1567004
573175
1262519
341167
1123027
1515439
1121927
1560286
1505037
2045439
1763536
866629
1046251
269060
1973483
176280
1759399
796352
1407493
642256
1821541
1149953
994995
1134579
1587517
1306175
1382358
86103
629740
11909
1016853
68347
1906317
2686251
1868598
649509
1922801
224030
45103
1922573
1843757
1895000
1923000
994388
2023057
1922441
2163422
2170062
1293
866790
1922736
1972684
39695
1735589
397353
1777133
2008440
2094187
2065797
2030
1485186
1121480
1519404
1802
2056779
1564903
1522318
2714930
525310
337895
1198219
406327
1415775
668570
33909
216942
660518
1226301
146500
55744
1279015
1173743
1655012
2290923
12303
272569
350058
224355
1923680
1262520
2664374
1922438
1987403
1923170
1922772
2026196
1048340
405947
1798217
2107704
301154
1423788
1888317
1532031
545697
1983562
391640
444178
2565501
709484
762051
1423752
2094119
1903258
1565991
1003195
1276229
200
1442594
272558
1458856
2259647
1663208
345922
386911
1885927
1930764
349521
1077832
82300
1922743
1923682
40056
1210068
2249302
1122150
1610829
221027
1280
1236410
1527524
1894970
1521386
2169995
2496102
1286635
1121324
1291006
1922793
36362
1815631
907931
1613
2050037
243275
1548018
1922724
1940789
11246
1221500
941907
405946
472759
1524254
859653
1273738
2005461
67603
1121291
1127134
1179670
315421
2686273
150033
1740109
1121895
1211813
483179
585531
485914
572479
1263870
1980609
1388755
716928
2005464
254758
80939
1923403
623144
1854500
1384631
1848
671144
1867125
1219042
861266
1618250
1255765
255519
2026681
1752398
640511
35281
1578825
2021998
665007
797419
336486
1458841
1414719
1202534
2003398
2212991
1891280
1838083
398843
1634488
1923736
2686288
67350
1441923
2315806
105422
903503
1323370
2170000
1985159
1815512
2203205
1796998
338108
1981499
54262
2027272
66874
392499
376758
68569
1223517
219596
1654919
2686250
427920
1970374
2508184
1616823
1849603
330398
387423
1097752
1527531
874156
1405807
1796606
1930298
419782
1214242
1391430
1223302
91213
766760
1567026
1423774
255247
2484903
2666127
1215925
1357321
1922857
1138822
596153
543526
446468
1173745
1886
1308899
1636566
455364
1913575
1033740
223276
1764085
41977
2686363
2492837
1123267
1325933
1245814
1897538
997355
1663209
1901
647113
1453080
1938607
29306
1147150
491077
1923076
2594004
1821540
1780362
1276259
458208
2320112
1514971
1974596
1633878
1682113
1391038
1987141
1685760
1777072
194949
263474
1638989
1922435
1678637
1229787
56779
1889778
187984
1077974
66266
1622024
1813019
1032478
2656542
1123228
430710
29313
273341
12282
1772327
1922683
2683590
1457322
642259
883067
2675252
40060
632772
1172985
169765
1922388
1980464
1825976
202910
1777491
1458860
113553
1140003
1705
996
1170425
946333
1283077
519424
1572704
1958810
1306542
134681
32049
1093928
2169992
1677857
1396
1792832
2268609
298655
1843766
1965478
1542743
1004785
1955013
1027248
2034346
1636580
223341
1391032
319706
53367
2169843
1670619
47770
2486578
1433513
2705548
160492
2590775
11069
2560057
1922753
31723
1051138
92644
53442
1423794
2714924
642493
697329
204987
1089128
619631
755307
265959
649757
1089110
934027
1303019
64297
1056512
134601
295108
2304512
172861
1454027
1647413
409290
136857
31658
1692243
187420
1000664
1158614
632112
751944
1167632
1176536
1604875
254246
2698900
188763
1500798
66425
566037
1133850
300740
1743411
2489628
1286180
216934
92647
132475
1735561
1986479
188915
1487726
1980174
1889774
1922675
743685
753670
2602015
536085
1229757
1123055
386456
933801
1417599
2500827
2529389
324925
1244531
1454026
1128398
1887655
2675298
1264596
1121421
1803263
1114961
2010275
2686246
2008769
252230
1353536
1399966
1648404
285575
1742358
1798805
1980529
585199
1835721
129726
1834205
2201350
1772304
714583
10264
585425
1552123
540992
321982
1468411
1785960
114416
648998
674982
1629671
2083198
2027277
1476858
1269028
1821538
1120940
2116702
543153
1002672
1423
1437603
146922
1353795
1229781
1849544
1292022
2594265
228958
1236483
1776165
365659
1605892
2170124
1913109
1922927
1423737
944170
272562
11987
2006690
2099648
511437
1698713
1218565
345309
882378
221109
178566
2053003
412688
1423808
11830
329886
1980485
290340
1147144
70255
376612
1265738
41408
557433
1691889
143223
1469906
1121865
944996
1890
1398939
2082193
1468172
1701814
1500735
1091006
1072576
326475
531844
1197935
1232575
1871017
569949
1267003
1566995
2053604
1265309
1218083
525256
622695
424944
387909
764030
2559112
1500733
2079806
310782
1608119
369643
2301728
1712
508750
1911175
541865
1246955
64318
486898
1500824
358769
1234878
68199
1519392
1323523
1844928
1123958
12288
1423778
981540
1430331
1777144
1967666
123820
51201
2054611
1097753
1923393
651134
1254439
208435
2130
866536
490899
1922439
633699
2169774
1820159
1923221
338110
2303332
340047
427316
1423740
414684
1461694
2306165
1923578
1034151
2015815
1922800
2170205
487492
83839
407020
2712970
713090
1985402
2493639
1120961
935224
184748
929814
1566869
1577887
2010273
1141137
1227812
2082188
1077965
2055892
2722825
84024
511662
360196
1795999
1792
2517362
75574
945844
1227488
1123023
223967
54006
1121306
1177928
366584
1813599
1815989
1121898
701257
1195367
2170204
2082585
1490057
1335757
1147141
1249101
42238
317655
12538
43661
1432856
77813
1850252
2010248
1922390
1074467
1922988
1220594
1884916
2599297
1136941
1229152
1006583
57498
536086
1933880
1353886
1348638
1868734
1912
1327976
2320103
1561003
745776
428988
417288
1214102
1740262
1922922
1195464
1351702
1227455
2301714
1297894
1980168
1308859
1516081
284043
200404
1416012
1238
522484
930146
1206110
1348624
402596
337824
100174
1461577
1511882
1234886
1265845
53378
2200763
1408415
65743
222557
1126950
1514665
1923707
1883427
1223531
1380675
1905847
912033
396595
1343920
2708301
2268621
1500386
1799789
2169744
1408189
1680894
2547246
445974
1589754
999630
1852385
1516127
53346
1236395
2170148
1922894
1206731
1406791
32002
856793
1211817
1090322
1175631
222805
2608254
1898204
1923333
2315807
63186
280702
1922938
2032623
12165
1540163
1692254
1609968
1527515
291985
43771
1122151
1286181
491893
62322
1448132
64312
1783
568898
424949
1843749
1214459
1653478
1655439
1495286
64300
573172
456320
347328
1922365
407159
1807358
1852384
1798223
459858
2562278
119910
1441095
84029
1498504
1464127
1006007
1923746
936308
643132
46342
2099521
1777143
1755198
2527995
35623
182779
310103
926844
2018312
1114964
525246
2033435
1408424
1046629
1711684
1123371
1606499
1534550
223318
629730
1330521
2045345
260086
1795989
1218076
1667230
1141889
1096856
935199
1923197
12161
525329
1823757
1922757
11079
1923779
678932
2070200
1072176
1876515
273036
1545702
1904883
73423
1814290
944547
35306
1211641
11029
52704
1215915
1443123
39960
521096
441620
1719036
479117
207246
1715291
264076
1772294
1348629
1922652
1618257
2055874
2005458
713949
1667587
377431
49369
1379159
12390
2528023
11582
1922680
117157
2008768
480658
1890295
1244565
1577997
255066
1638987
1437059
1639814
1158601
1792583
194540
703222
1926279
1936063
152268
2024283
747377
1622073
2163916
2008764
1205910
38432
1735562
1873998
2109688
79881
161895
604330
1955199
161736
51664
156453
1511883
1922664
637387
1969400
1382932
11709
1574141
1224163
1857645
1725
1540096
2593655
1514896
423211
1923463
223265
1464011
59301
1089125
243563
173366
1303385
2182586
1703
1213187
1913049
1772315
1923108
553184
1923615
2588499
1068980
1611875
355276
2107705
932217
642253
2576356
1560356
1678227
1414739
1416026
1607738
1891767
1082705
1302858
660517
2060726
77344
2419797
11631
43770
1279082
2026189
1416028
1958786
1805494
204536
34015
1219039
930130
1034137
1340745
1698369
522262
942865
1206109
148880
2686210
926474
1121318
1096246
1839798
64698
936600
2005462
199361
68194
2016401
1788446
2547425
1188236
1415146
10506
1922666
947515
186539
1434110
2316013
257708
701347
79880
1123322
391587
942866
1303334
111802
931277
1922567
546270
67315
697303
1423743
754069
1573458
1429046
483537
1000690
1922594
1596
216594
340017
1073961
1455653
329864
536083
2530200
45972
743971
40571
1540093
1926285
1161927
701043
1566298
1687
1918014
1389489
10778
1278304
319224
1204541
2294035
2017681
1334046
1341
1217970
1147154
1747326
2594473
926554
1434100
1922960
1175654
1500814
35319
1834176
1837930
367121
420998
2582827
2182384
1173766
2005463
2304606
1614
458817
309807
347257
247156
411248
1185415
218208
326474
1327035
1268548
662477
1127483
1379694
269796
394193
2170117
1121322
186497
2490545
1922999
1698711
863368
424716
2725288
443254
2038116
360310
1932713
679536
1246461
563040
1739611
1336247
1302659
503388
1072672
330779
1300323
1210065
47858
1898205
1618255
1480694
282712
1238180
1788443
197222
1785995
1907784
2025338
499854
257464
573058
1927124
1851395
1922824
12301
1305841
1923693
1701549
1034345
1922705
1127357
1955730
1193011
1643326
391038
220932
1714370
1121290
64305
282676
2045440
1701813
500153
1427156
106331
1123515
252305
1779382
937593
13443
1486662
1716042
1567029
1454029
195522
2034762
342451
2107706
1980471
1758689
2662297
643214
1161901
1714845
1462993
2303505
1552
2169740
1486661
1123373
2320104
2338396
640081
1534349
1555208
1204540
1382357
1278308
1500866
711470
1242969
1219044
39101
2037914
1986477
445710
282197
324079
1814960
1141133
10820
159147
1720199
525368
363867
1233099
330084
32612
1042156
1534348
246194
1608089
2599600
2420308
42253
2053708
1685765
171281
1130798
1980459
2601626
2026192
1173263
290397
1131702
298653
771875
402297
1134445
1236542
285564
1591072
1385520
2185111
1567487
1476577
523841
1150460
2036
307898
1435347
1649184
42631
288681
2003500
289366
1523415
1618243
173443
2029663
1922445
190063
1486658
1755689
1852374
1609977
1848169
376733
1296661
1514904
1150599
1940319
1606502
135569
2212467
496874
384602
1291310
1708574
12092
2665175
1821553
428128
2133
359961
662475
320844
565560
732237
1926500
1423806
1923159
1701848
1867943
2003315
2023186
1600
1288359
1121344
1920998
758918
254253
2233992
1406786
1636547
1850250
1115512
11623
1922615
2676868
634498
1071503
2077182
1306519
1843770
487521
1922730
945960
1870995
2562683
655691
526997
351427
76052
1434325
1218075
1572341
11089
1798085
979627
860235
35316
1351740
756828
1923013
284042
79917
203275
692418
1923366
1618234
67297
1930275
1524881
2320117
1245528
1522
1608628
1486413
1121483
765147
2605946
1129035
1086726
1772322
1383055
1922720
2029661
440266
1508710
935473
652764
561996
1564096
107401
488317
1521392
2705439
1735121
1983721
1739967
1108810
1448135
1922826
1896196
1056833
82348
1542388
709883
995060
1133557
1798220
1877
1500821
936140
33964
92400
1149880
1972567
1476886
218923
1225789
307121
1795988
1805827
665886
930806
425104
1220595
198503
1131483
574375
294935
1708497
1286171
52773
1692260
1922378
1125677
1315967
129921
1416745
637909
2563918
1399942
1843773
1871028
1460071
160484
1216974
132477
1985398
2267265
494652
1476583
1456752
1703341
1116232
2234087
1490227
202812
35318
1907939
452662
1923266
525378
1458725
1126383
883080
1027244
1206734
11077
1206730
1821545
223325
2340916
862908
1972846
1815972
67351
1162290
185636
2170200
1034107
1871031
1476485
1922428
1173750
1346815
1046556
12228
2202254
2496867
198599
1644130
1678003
1788452
210007
1891720
709797
196164
2023155
1462608
337826
92403
279896
2592195
128403
2048283
1727163
573061
1904439
28894
862514
1293598
2325
649639
2559110
40004
2027259
64285
10089
2107700
439292
48936
530584
1076414
33010
1529605
545243
1160718
1480675
64280
195253
2010319
1034145
2010274
69824
1983579
1816695
713059
1121485
1922587
553218
1449983
1211480
2484943
683837
1458855
1452487
1455074
929767
762947
53954
392500
708126
1764086
1239383
527326
698488
396598
983920
1647301
11878
478812
347962
1086800
1692262
1416753
2072936
224719
146827
442851
2060778
186540
1541887
418448
1179226
1089119
1336243
87012
1922886
178356
50817
1923399
38416
130478
320848
2044885
1121090
2169876
2057187
2282629
1863008
1089137
1086749
2109587
190976
1647400
1441798
312274
1882682
1777053
1868848
1516128
1221450
1306953
911574
1476
944994
1129192
1486657
2058620
33900
1178537
2572074
2068654
2419773
1985399
592031
148879
375175
1129896
613026
1678144
1539298
137838
2057797
159144
1206720
439423
1448136
1922700
2571748
2487422
1408468
992230
1340810
2026796
2282642
99656
12450
1881016
29384
33763
1325934
1849968
1904491
1437608
1615758
2598453
1272946
323261
318167
663237
517719
1884915
1222338
1173764
1224164
1447716
1261031
1960254
2675054
1123321
224914
178355
1385521
80942
103807
1231377
1679001
369932
2066695
153971
545501
2594454
2170109
1112202
2026779
1197874
2040624
1972568
652717
1761477
72360
1353158
433357
1815581
318843
12888
1519402
687918
1652545
11080
1891758
111015
2005469
131082
279058
1944646
1126238
1393034
229030
565995
746697
427140
1655658
69609
40052
39687
2592817
1527580
1922952
47311
2654326
1924286
1912795
28108
92395
1265846
64290
2109691
399726
35287
1970797
1548907
1332080
1089111
1716543
943830
1813779
10815
1241918
39443
1033837
272621
1486426
262898
452637
1385369
320840
1856
375451
1034112
1640973
1121353
1231185
1758883
1219054
36811
205870
1577776
1308897
553204
350688
1691940
1392497
377461
865938
1032069
1353534
2508307
1218173
1850526
476552
2545455
1570939
1301280
1076345
1236407
2024312
1046574
2038729
1450648
2510486
859654
414703
2008767
1336749
489825
568768
2479459
665952
1618247
175950
563169
37916
656519
1224510
1208587
1922721
104628
223357
198467
1772258
2510455
1923744
649754
337250
1329640
1121380
1423818
572288
1242253
1185653
1265310
1868826
146819
1883365
2364791
1646373
1685751
985762
1891735
1286213
2484983
1233262
83784
33936
2484948
1159905
700508
1923134
947379
1776109
1843764
1462615
1391667
1296540
1692251
76875
464995
1300344
875328
1923609
2683284
1030157
2340917
1778
985055
1796646
2587809
1605403
1608097
796606
445576
1660067
1923298
1987501
1458726
69373
714359
1923242
146940
1443114
2169728
691437
862517
67385
28258
1719140
1176736
1776387
1437875
512564
37126
2714939
1954172
1141141
1408470
1852564
1717717
1185325
2480625
458836
604089
1147
590739
1911684
691318
11885
2056385
1463811
1462681
2485925
1922461
397945
2662028
271157
411490
279238
1223568
669377
1720198
1500822
1868853
361101
1926968
1772300
1005058
55951
1239574
1193729
1437126
11084
1211279
12907
1692261
1649830
1491393
1327990
947516
78343
1435356
1173762
1655651
629725
67275
1220579
1692256
1636262
935198
1091556
1516079
81832
1569053
1051973
1685776
1980491
64315
198312
377611
932071
1208314
520973
1121430
412969
351745
1218315
47716
2320119
348137
309799
1670662
2575374
1685775
44010
348296
1698417
324833
1278077
1983593
44158
330920
1016857
1980456
1241957
529680
1229203
1348429
1922578
1348626
556524
871584
2053832
1442136
1223261
89463
1178778
712624
1094466
520822
1572703
1076631
35279
1923116
1923206
1923485
1540092
1922992
1922876
1279019
1983777
1435045
1814957
681645
940280
1882757
698759
1298881
1983564
936054
1327952
1595998
1435411
1768108
1500823
1701849
1932662
1280701
1450169
1940690
64091
2025595
1978536
327277
186772
1891098
1906175
321983
1945
64319
498367
363716
1074304
573173
1052671
614034
2054610
1922989
1158606
2020964
1921421
2008771
1174526
2675795
538381
1329411
525264
1121034
981431
1923355
1678177
1155476
1280689
1922443
1499685
1923642
1379702
1521391
1160707
1618235
1923119
1923509
1261101
25
1519386
1357916
1980494
1606500
2010268
1236689
1357713
712633
593907
1280692
1048850
1923340
51203
2480175
1742594
436113
1121868
1923667
402734
2058094
1500820
2014065
1547283
1391431
1923647
680118
2714943
1923138
1387301
1935
2315334
67762
2170106
1836972
420247
2478912
1123383
1476888
1429793
1904882
1527493
1415773
663559
1465613
53344
1527534
238817
2588942
285665
31559
1401087
80878
1852628
1547515
1034114
937218
1257021
2041417
2033869
11277
1204515
1871313
10843
2170120
10310
1922821
1906745
2484976
1229621
268779
1922554
946573
1392388
1922833
1234680
1542390
1853865
1746074
2736640
642111
710128
669041
1032891
2656529
1208342
1561924
76726
1255278
2527969
1187128
1452516
37332
306281
2478914
675635
1219051
1468169
1623684
1158607
1104446
172148
1076934
66867
1133592
1168287
1500510
1379910
326202
39692
1423688
1926633
206662
390844
1385518
84724
1121310
2170135
12264
1930546
226506
1922376
208439
1678078
1300347
145857
2608982
411903
1033734
72557
1923104
2021368
262071
227605
319795
1428456
1371
2570300
1536596
2045208
29367
2023229
2025359
1000562
232721
1778580
1070990
2071609
1384459
10514
1408469
408577
1168039
11274
2686359
356852
1534547
1175505
2018029
376686
1922634
1437606
536229
1923280
1121274
12022
2530183
1949197
314225
12232
2528007
1922432
1227454
666686
1547445
192452
908842
370526
630975
59563
1968
170187
746543
1390249
2699430
324831
1685756
1923722
2675791
1123269
2520507
12024
1917820
886377
227598
748247
1301915
1211322
2249930
386894
460926
285557
41763
455632
1548901
1488557
743967
1089118
1495144
1183377
1445727
2005467
515619
2201999
1735646
1405
2484905
686309
2320887
36847
349123
2010323
1917525
598747
868595
1236398
160660
1004889
1663210
2315629
67352
1265740
1292035
2027252
1036255
151783
1158598
2697030
1559896
1411095
709839
2005885
1458706
317010
285574
1049790
1262516
2341080
1327037
754502
13243
1923331
1879010
540066
290090
1869
1645915
439482
319707
1779714
683172
72361
68239
12209
80938
991
1837931
1262452
2714942
1437607
35246
1922815
1050174
1922715
937809
11082
549298
76022
1121377
1265819
2035998
155517
1348778
1843738
1295642
553178
1500800
2169993
411854
1725367
401976
1414737
1236392
215167
702455
1778572
1403390
937777
1487956
1497391
46224
1923716
373411
1181310
754252
1240349
12208
1805954
1276757
213810
1089117
537009
1529886
1489714
98228
2034347
1922795
1035184
1911683
1085647
2483353
1036677
2066504
1577792
1206566
1638788
743299
1273442
1922955
1272953
2026199
2026255
2293305
240555
525282
691965
1123308
2017714
2728875
2686268
1244856
2049892
2282644
1391035
1446490
1911104
152332
1071505
1162295
2202149
715784
1457166
2678563
11083
1450649
1121388
685899
38804
2045105
1805948
2011012
1795991
230361
2162
430606
10704
1980610
31967
2169998
1903340
1972561
1705093
67305
88389
1923238
332950
1056830
1982589
241145
1121365
1381753
2109333
512565
1737359
2202225
1300267
1945512
2510464
59302
867695
1411117
2552945
1778559
1220604
2585118
60875
694435
2219110
484022
1217721
644609
2212472
1915
2170201
1389932
84588
118062
284036
1137988
1589755
261654
1345661
1923671
1672385
1904441
549445
1986118
1736
2675250
1922879
1323528
1444310
2320194
648017
1302863
540070
2169853
1218494
10838
191436
270921
1123325
1755752
2170004
1476202
872291
1498168
2675256
272123
1622177
635076
1128970
1486469
1121017
2052938
1803394
655689
2315703
2211108
926569
525263
553177
1174504
857312
1548712
1245923
862719
1458849
1794
1336236
2491017
651580
1567012
2530033
1608100
1273173
2169727
2170729
1806885
873447
1423814
1077975
883078
883079
2170125
1874688
1961713
1896961
1204534
1922954
859144
1964395
2162894
1564161
1441730
1437364
1128664
1898202
134287
906968
52699
860221
664255
1697053
12557
1923088
858455
40012
1682394
1692258
1513489
1306407
1399941
1632864
558270
1441773
904679
67304
1611545
1408442
1922767
285676
660294
284031
1156769
38289
85962
526225
2282419
2074132
1458122
2592067
643561
260364
2044912
2604899
1592087
1923164
1344584
1450511
1282443
1655015
1592728
1882833
1546178
64294
1980489
1262537
1265820
1916127
376850
2008765
196367
904039
1805472
649688
1406795
1640277
525254
1391037
2283
1123301
1031920
1051143
929831
1923124
1912320
223307
1158604
889203
525328
29299
177437
1327935
1034347
1519385
1445557
73494
1548714
1843735
260149
2099625
1590614
2005044
1445662
315749
1296658
1121127
1798225
985683
1293576
2170203
279826
1855352
1856405
470735
1481453
1618259
1241370
985002
1737555
229919
1949196
167129
2169934
649188
662478
990280
1391179
2268396
1752027
1423735
2507858
1922708
1255043
1352230
1141105
2306021
1246626
1318466
1349765
1805478
2169539
637389
1763534
1420899
1641402
1985726
64304
1408417
269282
447422
664962
981369
1541686
1431246
29271
2305250
1898112
1897431
1007676
1965068
172315
663610
188937
1685762
1752063
1792253
1655646
985138
155085
12136
189381
1815957
1408453
1202142
1396815
1413187
390444
46075
2293277
1844051
1445811
2069327
2072
152219
1983581
1033806
1231298
1922696
1340819
1223515
715480
1655
2587814
1185920
471872
437897
64310
2594883
2219120
862945
1655659
1581038
323850
1945657
484429
655607
2170199
226900
1923470
1923483
1121032
1670446
2231056
644042
1123514
10381
1923370
486398
1788449
643133
1121316
36363
1218080
1048854
1907783
1421055
659824
1033737
452758
1945662
1172565
11021
1814279
553814
1291742
2027250
651663
1476391
629736
206161
2340712
1032895
79883
1940525
1788309
1306990
1922627
1866325
198833
1758194
10256
764348
1162304
405782
1307436
1286148
350054
703613
931276
1348908
11988
2169734
2027405
2005703
1393049
319748
12241
2320115
1799
2283318
592022
926067
2293289
592206
1075091
1444289
1353
2014872
12968
904306
2024247
1675603
1932896
1543207
1608583
33959
2069313
908124
661505
2099390
1923415
99930
2572082
2293307
1962263
1214071
1458275
264199
1278205
1262517
1980173
53369
1923378
1357508
1750719
1121305
129727
2082395
936149
42680
1551
235985
1047172
2170122
1122181
1416031
48256
1498
2291322
1673076
1121429
257314
45361
469383
1508712
2010278
164416
2042057
188141
1978229
1503
1698421
1821549
983
1903720
167019
2021667
77775
324768
1685414
56110
223524
2026784
1340769
2666185
318595
1089116
1158612
61646
1274524
2713257
54398
1221391
572546
1914410
1453498
2584487
1423733
2588449
1564159
365528
1930960
1277886
2010280
68178
702113
340102
2067960
1464048
1341692
1486473
1221637
1399798
67344
1772303
1922496
273350
1474867
314232
68170
1461582
1348912
585423
563121
1089121
2045186
1200971
198112
356837
582382
1469905
1923540
1157948
2482952
649831
1225792
357808
1223540
1820160
1498228
61635
1693
1661694
715451
278197
1434123
105420
764599
879630
1679466
1922355
439427
290512
1784712
1198147
2319844
1923600
1458846
2484974
1534545
439228
11072
1034139
1000646
1698712
1336240
225848
2029103
327575
360106
1089545
1399794
187978
1267562
67962
1982901
84589
167132
947980
1685753
1147156
502682
1312723
2283800
12201
1391181
222455
86106
321967
2039284
1379909
2670375
2686365
280701
330214
121292
1604
1923259
1863010
1715778
740933
222460
2320879
2652307
1987503
2660750
28047
1161132
2496265
269797
201862
82654
1678180
1211281
749927
1457234
1712387
1923291
743718
361854
1414655
1541825
198589
1911442
1980493
1216975
2060124
667676
1421067
217615
419665
1330070
1914992
1229153
2681549
1159907
433296
1234364
373126
1121089
46867
32040
1476887
29533
294747
1538550
1637975
2709784
1555207
270256
1365
1880590
192812
1121382
36813
667516
864828
1381104
331678
2169742
194965
155515
2591204
1698709
398694
1250316
1847728
2502782
1123251
1002360
91218
11053
871959
1798193
1735466
1922878
1690666
402880
1074210
1538101
1196031
1586287
1220559
2040662
1121334
1922624
1923129
1987139
764842
2698727
1688404
1582150
203267
1604871
66875
1411681
1423782
685565
285514
58340
2201181
252967
280871
11901
1430444
108003
1319
1608093
553510
1497681
1195070
716760
1397
1636720
1423720
929558
1495866
652719
1983578
2024330
1490030
1516080
1121269
1778573
1601
1031564
67364
1314753
2571749
666147
2082666
444193
11020
1121107
2067666
2487133
2056881
187491
1922471
2292702
475082
345219
1163708
74581
2172042
97707
2026787
439529
146923
1293961
1712871
1667322
1610509
2510483
519450
1793722
223319
1966007
1423421
273384
523844
2563917
1852364
1923721
589554
1244083
1642663
1408159
2008318
396588
2052164
1852373
1235834
2320868
2420313
762845
2184053
240292
1449437
111806
1437363
1404245
1416030
1732180
1608144
2023153
2137352
1500826
2100422
370959
999729
1139219
12313
1552409
218495
796944
1902136
649187
1220551
240427
1245561
1123347
1226968
1590172
1972683
229205
1414654
1424280
512763
1777016
1930921
1548
2027256
2109373
1658671
1323664
1965282
1044
1923231
1829
1647306
1868847
2341083
1922926
1515746
889306
1843765
927810
327387
576784
93830
1821539
525255
1764087
214106
224013
1923235
1499684
1561022
419476
391290
82633
352858
1278076
1382295
289380
944995
876364
1415545
709810
1708751
137443
2315813
1505528
497725
24
1499689
12675
1034136
1435008
1588021
1114980
889378
2010332
1088721
1891751
1071381
525367
2211104
1655647
660470
2320197
2049944
320839
1034133
1662285
1922803
590158
332097
1678028
596329
29314
29563
2555548
572478
134676
1056831
1923236
1500801
60481
446466
1348584
1448273
379892
491915
12906
717959
113107
1528098
2484985
745820
1714622
1883379
452475
1147146
211977
1194641
1923724
278069
1031753
1291050
1848904
1923120
2169739
2025333
999894
1543203
1131452
71997
217031
2268451
34004
28448
2080469
1414643
1739966
637905
1236962
1888318
1187066
318464
1519097
1940612
1982675
714310
1129034
1814128
303541
1567473
1158459
306263
1495638
329639
1336748
551523
1923737
1434103
1120746
1912064
1581557
1002681
1628392
642254
335431
160358
38420
218140
414778
2592815
1821036
37124
1715860
1604874
10653
590409
2305907
53463
239239
1118064
1737446
551989
1756987
2202419
51680
2136401
1618254
764291
1808970
1608120
1912234
2681608
2301687
347482
1923313
31533
1323525
2211133
1408466
37326
1643327
1458848
1534544
2116384
1273754
258533
1306406
1165907
1229325
2030797
2558361
1549858
1915202
2202148
156976
1285600
543913
403935
1453587
1202450
66869
53258
1188792
1814286
596957
405531
1527463
1034109
490185
2358449
1922356
188872
146017
1922639
573568
186541
1486421
1223547
909210
1739607
662480
1664069
1234887
1276221
2576376
1235656
1548749
1016855
2259619
2170196
2178927
338103
1054968
1922645
1121087
2201189
1728958
1121296
2040295
596315
674996
179408
568815
216371
1286143
1408471
1620892
45398
2490633
279215
1856627
283942
1354508
1922582
1983409
441769
335404
1114972
2484950
2175169
1815988
88387
1923649
1464038
1198450
83331
1118963
1981511
2487742
12167
1842533
1923451
100226
1500813
2591370
1034100
1649829
391595
798072
1459800
2054902
588581
1513468
2056883
1563661
68209
1692252
11857
1220564
126673
1449346
2735554
1120964
1188235
1423744
424800
33945
1183241
1922698
2292426
1219046
2093834
690566
228899
1347342
1930269
195064
1323746
2690380
2161
1228987
989403
2202146
1840236
2681620
459347
253700
2072590
128818
566461
1416009
858513
758802
1930557
629726
2558242
1963254
2233998
59749
1904876
1505907
2213202
864058
754423
1429759
162145
1521389
1904616
1618242
118655
1567007
1895333
2010327
420254
2005047
1704044
2058161
307119
1027247
590647
1742359
290400
1714016
2024308
212765
2686270
1923537
1612624
1001080
795359
29554
1121328
627192
1032067
1296655
1852390
1609634
631267
1708653
1541883
1434319
568899
243274
2020963
1618238
1881
171693
2070337
1923095
1071380
1121425
1391188
53376
1580497
1481112
1585
563122
691964
1768907
1719040
158500
1506157
1266451
293050
1327776
79918
465515
1922361
1223534
29545
314315
44130
1682380
1332248
557599
2169709
2026
1381464
2590015
1423730
239498
2735870
2320195
1032893
2018305
521095
2304510
1685780
1569056
1161933
1089122
10804
662476
1458716
1220553
305507
1208599
2153485
1923557
1123687
1399949
1129374
2575923
2169846
1922657
1924285
221036
1131292
883121
1219491
226505
977913
630626
943815
1922933
310540
1497848
656025
41431
1273707
1391746
2714925
504800
146018
44060
2559113
1232427
2099624
2250452
413882
264697
2029865
1387277
2010272
563119
64894
121821
1249648
1440053
2305257
206672
1125972
2030954
1903318
1034099
1499308
540067
10325
1204522
2016427
2686304
577124
589873
740710
1720506
1386082
1923648
86416
688540
1262530
1678166
648801
1917870
2571747
1987584
1051140
1926502
66896
2267262
908338
279113
374463
1093958
11242
1923074
407392
1327635
653954
158463
12893
191292
2651334
11033
2698679
160490
1077942
1922827
1934252
611707
1077256
1922367
1608257
1993643
1922381
1536603
192196
1568974
485447
665887
2420309
947981
999386
1117702
1772298
2011125
230844
304268
1429082
2303488
1922492
2341117
67081
47660
1779340
1923429
2027645
2233542
1908807
1529068
1458857
340907
28351
1329516
582345
1340801
342950
320847
243273
2572059
1961155
511062
1001533
47985
2584181
1923533
1228012
1121315
520463
34007
1282995
2698672
1888195
2724914
1564138
1574422
1922813
537970
1848460
1089546
1236046
1206722
1968887
1588
1159195
1931996
1032892
1647304
2478552
285562
169427
134386
1529058
1408461
622488
1232666
1437839
1922533
2594798
33895
1560345
560080
2584943
1458831
1063
1038929
1587907
1122929
360104
1802951
159122
471857
679318
1121320
238836
555778
373373
335973
1428190
1898175
401472
1708391
1562380
12627
928214
35344
2233533
2565931
1165134
1662286
1423775
1692255
712037
362418
1137991
471223
2528008
51363
2007306
475375
1327971
1862358
167634
1932360
290399
1922872
66200
1518603
2080416
1423718
883163
1247115
293389
347966
1457165
2023998
1682742
1923656
865861
871541
494269
1110504
1150468
40279
1720192
1985397
1423754
1923165
1267580
64003
291045
1351735
144752
55952
1740263
37659
2591403
2496551
1833938
2047843
743966
2080419
79889
1934428
1964449
1500807
1158602
1441797
69322
561879
1849335
1692263
1589752
1122946
1503929
1675531
1458862
1437611
10263
1042878
1777139
1388753
1349754
701042
1469502
1462527
1923222
36370
1230453
40640
1843771
1977865
1450525
1267585
1972570
1608048
2170123
208444
1816484
1123355
1511907
1827146
1938841
37733
560555
1423734
326424
604276
2024304
2170195
1808960
2026814
1078020
1120984
1391428
28875
1987142
1922899
2072017
1123304
942041
2024608
2735134
475299
54077
1560357
317936
43130
1400425
2011159
2675225
243090
1932
209389
525365
1218493
1191699
244
447214
1922748
1182571
1511871
2170061
1922812
545694
1428
1345662
2592220
287412
565073
1844477
2219696
547143
1034135
1887649
1922786
1392498
1133363
1891756
1922752
1843756
2569589
439425
1423781
1660
1536597
1592093
1759531
1513892
860228
709986
1720300
1655652
1382995
1678178
1307119
1500734
1630162
300175
504486
1981069
92129
880161
1168744
1923566
1777140
1923398
926551
2217830
1423773
1122215
1123302
1505596
1101373
1418029
1558469
445685
333849
2219118
1564114
1045808
1500827
873449
1401445
1815987
2582831
1788
2058133
1870987
1922504
1123350
1494608
1428189
450851
1522059
11587
1608126
319652
568715
1993907
1655020
1500713
1575
1423772
269213
41460
563769
1276282
536082
375549
1632184
631431
2170064
67256
586413
2153385
1220557
888833
1440763
626522
1476390
1182568
521097
65058
1129191
667119
1448143
223272
1534
1871011
1527506
1670973
619593
2547601
94869
337066
749
1196647
1034129
290030
717641
2050589
12049
745310
2590877
1618256
1922797
936155
1702121
12892
1987723
1527511
2594913
47000
1736691
1160721
164
2035344
1923659
106592
222445
198094
1077972
688270
2565554
1534546
1555194
1296990
406547
1270
1620405
2293292
1922802
2686094
1121400
1958964
1345695
1882747
1048260
1391223
40057
1923530
1746071
1461792
99598
2507234
1276246
936133
1463812
2211106
1276220
1685769
1305716
2051552
1772297
2109914
2283033
2654191
1923307
12169
2599764
2267264
2675216
267850
1211282
345198
1874539
648757
1920667
1871034
1608127
947013
1458717
622416
904698
911122
838561
64292
48540
426790
2301528
1983595
1923277
2283265
1122249
1423726
191547
1514105
1458863
1868794
888721
1245436
1286141
2039283
1477405
208177
2169828
2202201
1238184
663364
505291
362257
488339
2054421
563775
84022
285570
361697
1482319
68214
1691958
56193
264198
1262535
1672384
1519389
680198
1521188
1177185
1858609
741942
2109
2527988
198597
293826
1518575
1122949
1608112
1698716
2169733
159148
224308
1759059
1923083
1511639
634772
1923389
1491
670291
2093742
54571
1415558
66428
158822
267377
871203
281090
2052660
2021666
1520006
1316928
748671
1585924
1761012
1249552
2713256
1980467
2563602
1424613
2054177
2029662
1923683
1096243
1033744
1913574
687388
547043
1923584
41678
2099789
1423769
1120950
1796994
1212765
2072797
2683680
1599
1262533
1923191
529120
1121874
1178516
1562064
48541
1972569
1212545
1843753
165250
1401263
1124577
1410653
1545728
60547
1912598
279808
279010
1923625
2320883
386415
1923646
35341
99675
2592161
927703
2283483
1434114
1923652
1985371
2483307
2478919
431317
1432565
1778561
12253
1408
315358
755731
2014873
99179
545776
294748
1415148
1121367
1617889
945083
873448
1940610
138982
2686258
1327764
447598
1608942
1904640
882082
259564
2500816
1510440
980895
562982
2596891
1923252
33727
1196236
1225862
743027
2170119
284687
1922430
320831
35269
1922529
290315
1714
598650
1691955
118246
1983588
2527990
712623
2494375
1189613
2005456
1647474
1327985
457429
2529380
1130981
1435051
217203
1379680
1737523
520456
1121303
1260251
1830242
1821227
1243664
1234668
523845
573824
1923114
1071054
170325
1384632
2175605
249584
2077305
2686242
1391034
568090
1922437
643562
208899
744985
119981
2027267
35761
68223
2320183
28354
2717324
104664
1874000
310779
2593958
122
255255
1423731
1592897
132474
1527441
1121381
428126
1388751
761804
1406840
1537975
1219040
1219045
1262523
1923287
1961362
2230896
1165702
1348627
860353
1297617
1685747
247482
1391033
1486659
2583584
1973475
1391025
12018
1299270
1420891
712411
47312
10533
66377
1327948
1262469
279538
1415147
1123755
1837830
185955
1661062
869213
398579
1327934
399394
1922962
1454030
1115758
1487185
1765967
109472
549205
1500808
1468454
1597972
1547577
33743
1949198
356851
935266
1922595
362242
1574287
948870
2059380
40062
1922958
38837
525247
171280
60456
66876
37108
31646
1913591
1936081
2008762
1930510
1933926
2572921
195060
131109
1262650
2023197
2570301
2010281
1983554
1834196
1173751
1923152
1027245
232800
644610
75914
44024
1529056
227882
861360
1276227
1383057
1770265
1500799
2592614
617123
200253
31963
1168594
2491023
652740
1035707
798073
1483681
1214230
1698357
1414742
2582905
1923618
1235559
1690684
2681599
1492738
1791
1148496
944562
584609
1598147
573569
673318
2010279
77204
334735
187303
1908389
442563
203907
1121396
1353979
320912
1788433
1432055
2107701
40521
1406816
1746063
1701798
867345
159450
1783515
875325
2020956
535289
408066
1175629
1904411
1643324
1293412
2580408
1928
360422
1655650
1692245
1041766
229149
2082949
1701850
1195076
128944
272633
1389713
2184581
2219133
1608123
1220025
2721173
1415166
129953
509193
1628721
1505597
79899
1560346
2490853
1905142
380675
2572088
1445661
2026194
2161747
1299341
553190
1936029
2014931
318161
346932
1848766
1755590
216946
1423745
942938
1235654
604088
1327982
1121326
1236541
1439369
1121398
1982610
29379
394239
314723
1769780
104581
1894969
1122936
2670337
2487150
1923444
2080282
1608088
642260
1357669
1663591
1618258
1923433
2059884
52280
1662332
1051654
2301701
60549
2420310
1856406
572419
1455609
2584183
2558243
1341695
2170100
1499687
1922429
1923678
1446473
1123290
1923210
1912319
1547487
2029305
1136177
1348439
380669
579405
2501295
2049043
1193713
2081702
477245
872331
405558
2269374
1755793
1072333
1218115
64311
1562379
2293719
2219697
1837089
12118
1887219
1608146
2740164
911238
438780
2510470
1578134
1750590
84739
300879
945711
1923637
544556
12331
189515
455488
1225176
1928574
539329
1766767
83534
286727
653045
1431464
1123305
2724150
1211386
1701804
2066483
468056
38767
1306540
1720526
1122614
150056
908127
1128427
78398
178306
1288492
228578
158898
10258
2108550
50713
338107
64471
1892404
354243
1110697
59277
12287
1005996
1923225
1415164
2201891
1310424
40053
2107999
67373
1969397
119641
1416627
1486428
1337957
743813
1763363
12202
1423724
1219085
331679
47839
1985401
666962
1511916
1765754
1887644
1937817
2320106
558173
1887652
1701805
1755467
2025339
1041768
1499680
1445714
201847
1922601
1005048
1923663
909827
89623
68173
1922561
41459
1224162
553385
2652414
196162
1384063
1423893
235909
38170
1852376
67356
1478
565140
1837130
331278
1410652
2052822
1428342
739143
459424
2259811
335992
31634
2587848
223919
2169741
370979
1777137
1535768
1121093
39481
1202531
229203
1837218
103442
2217832
1115692
1339247
1027468
325240
614070
2006394
39442
1508404
2051900
1485585
1211388
940136
1203190
991789
1423746
690417
1980527
508767
1923502
1519405
470076
1768874
1157947
1725411
2304480
321985
1303590
509191
1965354
1452514
2572090
37919
1464786
1209072
1390395
1123306
1367477
192199
1204529
2024252
2078660
84698
947969
1592122
1806636
1715989
50290
1231190
1923563
1814281
572289
1637492
1054460
1087482
1747500
1923408
265960
1250295
1211002
656366
2518370
2528013
1315974
80341
1291048
1236406
999891
1337
2018500
2558360
199591
11039
209529
437061
1349410
1340746
1287475
125288
1173584
2484984
272635
2587851
1823
71253
111970
866775
1335048
491078
1168548
2047834
1173749
1423732
1937528
176090
1608083
408015
1448860
1660080
1504822
441770
11628
1777136
2320120
1220554
1544364
1034805
1500830
2572087
929769
1458859
1981500
142102
91216
1038068
337191
515635
525379
1922930
1922671
1904881
537013
1544455
186490
193461
1527770
2053705
1969736
2169894
2170039
2507159
2596674
758847
1273711
742740
47681
1959287
1906
1182518
1500831
761701
1367847
402584
555793
212717
1843750
1218074
1501269
1980481
1147140
1498220
1486425
1969
53317
1920109
1231903
364199
1188241
338101
1105385
1603039
1547897
1246650
113562
1922740
206377
941640
1123300
2052837
1567015
1084717
1922905
1350461
1985873
50292
1642299
1645787
1923658
1723645
675812
994485
218491
1908808
349101
1986505
1777138
67082
387631
660955
2675251
239365
1675602
43240
398513
536084
1923735
1206560
116090
1072517
1302849
1210098
2315475
1922760
115992
1380685
1423761
68219
1458852
2059302
722731
2074
1678168
1417985
1126242
69220
1458842
999552
1408452
1881061
212767
292462
2546446
561175
946078
1382279
40687
1493511
66871
530536
1173748
1612173
566552
1807766
669502
1216977
1716041
705336
357809
192
1034108
440497
223769
1041826
1805457
1328031
882084
2049454
1416011
1073842
11946
689414
742767
1408465
46127
903523
1869241
1825069
1972134
1076136
1111068
1795994
1127744
1034113
1857323
1959848
1441799
11036
1446495
1158608
1536605
45370
33028
1500960
150284
1513529
1715806
243232
1403243
591159
432331
1262522
1622116
1985387
1521388
1640974
1178544
1446489
40050
2479200
1089136
345585
2065
1698715
1712571
869209
587620
527000
2547399
1034130
290402
666144
701456
1923272
269277
70823
1789
2060307
573063
1114963
1414747
1772310
2034827
204478
1636576
11023
10273
1825931
2614801
60879
64307
1437610
1816676
393481
2008770
365046
1792269
1679444
165597
2069322
11070
1034101
1930825
1629550
1003891
1927128
68042
2478482
1340809
2484981
870482
889876
1653479
1707952
592678
1922889
2653204
315750
2560838
1973478
1292042
57704
72581
33706
2259810
1608067
1043184
1923394
1592107
1122216
1843739
1229791
467705
12345
304378
336987
1461580
2170110
1508711
1041526
196691
1842532
156978
1740721
1636205
1221206
2320110
1121864
2126525
98439
1740108
1529066
274584
2045012
188906
1837283
1193500
1685738
1215031
1647458
2268125
2079535
1679530
55404
1474807
1406794
2024320
2681595
1972612
1498212
1291379
2572036
2315809
1849328
1972133
1517960
11034
1291743
2305465
1923477
12178
2026743
1089135
67280
1336241
864064
273035
1348338
2020286
309181
2217825
2301621
946235
1116231
33898
590998
374982
2185281
1027947
2008773
1323361
340054
245188
1448141
307486
1960083
420953
128952
1218091
450378
2584094
435880
1492296
326297
547558
2219125
1552846
1121379
558169
2116518
1204523
1481224
111470
525919
2021212
1498204
2678688
1347366
1458861
1293540
1308896
2133766
1511885
1337877
1527
196375
863369
1211643
2592163
749414
1701257
12319
42776
589918
12239
1608134
2126346
290317
1265311
12056
2026186
1147152
2170206
64141
1805952
1944
1074493
1567471
1891748
2488573
60876
55603
1923254
349161
1054860
1089544
1397670
455432
1701808
157072
1921008
1147042
12275
2169721
340099
2109593
1391659
1327777
1747288
1391429
709876
1219034
1408476
1698441
394503
1972687
135740
1374
1922569
1548711
2686245
2419930
2024314
1006586
482822
910313
313367
2592382
659425
68249
1673428
1903686
1435466
137722
75293
1850254
2686266
85698
348442
629737
1454041
1983563
1720495
421767
2559114
1327969
1922871
1701810
2042961
701521
1492737
12274
391037
1742595
1312724
1610832
1403565
1772307
1561150
66883
2045452
64317
1141890
93064
2169854
1218175
1172567
1455651
2315601
629742
525309
1408433
477184
12336
1162306
1881951
322855
221262
723802
2498591
1783501
1445809
1051502
1123001
1414748
2510942
1604004
1705090
2213200
2023178
604354
49899
1262539
1544378
2528035
1450518
882083
11908
1236973
417368
2024305
1408464
80940
1335
194673
167021
1815511
1454028
2316154
11024
1229756
1049584
417280
2601898
1463809
1911685
634497
392504
1357712
320843
1922788
1458464
56774
358396
713586
66860
2031200
349938
2024724
670883
216932
1249677
2493631
307120
457428
1220578
2007308
12152
529505
171279
1071177
1923549
1917158
2586643
2113
11086
1404
437022
12431
1843754
1273538
2676077
1550728
1985374
767452
46436
1883375
1048245
1624
1465751
29364
1524910
380749
1922626
12181
2293308
190808
1980519
1909293
2026191
2739433
1105383
425400
1775957
1922455
1546149
1423801
1364937
1692244
412384
1472378
682998
282786
2488560
2592653
1423755
1985403
1432848
1923608
1437874
1735645
1367218
2017712
1720083
1958919
2021971
2043170
1033733
2020965
569857
590652
1755241
2005055
1212547
80868
216929
1862387
46234
2170107
2592816
1449353
1611836
1543419
2202203
64667
2320880
1414738
760530
167927
1714364
1919083
573826
1415627
1423742
291594
681518
1698360
552525
1262449
1582155
1131416
1472767
1391036
267128
444597
2614693
58177
141349
1676183
1223509
35841
2493119
2601678
1179773
1233873
1493829
1348853
662755
207697
1347392
1358026
2016596
2592625
185642
1729720
1091041
1052673
1379270
1660074
1041831
940286
2293288
1048830
1089387
1526927
1128073
2006072
1545835
2528026
1692257
1807790
1461693
1636182
161896
92444
1192864
1354275
1612308
172864
1121302
1348662
1821260
222523
1293539
1701846
598652
1051503
1450142
2219108
1082704
548476
1408459
1276181
47680
129338
2565556
142649
260554
306323
419697
1183239
445629
2065033
1116213
45243
1301087
1159903
754067
288004
1123268
2583243
1229760
2283236
2419804
661191
180441
1162393
1314751
347256
1408258
1536592
1293536
1922997
1649169
2014537
1327036
1756191
263578
1708572
66284
1477404
1485012
562981
1197951
371602
1343899
637390
1218084
1121393
693977
1317107
667014
1986952
977880
1923004
573062
1590836
256729
2029660
191610
317027
1964382
908028
1123311
1298593
1922589
28882
1229727
1980633
12897
2057791
1502101
667093
369723
1124744
137584
43989
70258
566550
2169722
1680763
2024282
1928005
2714926
2686360
999892
1856030
11590
2489213
1500843
64309
1555238
1923635
10796
12957
440515
582419
1922524
358220
2315472
417203
1692250
1423792
78540
990550
1449352
157838
1540097
2315333
407838
164348
1863011
1395513
1165852
173675
2200830
1962503
2219142
2663121
1923727
1646
1218077
1772293
1923157
10942
1511847
1795998
1923132
1043493
2069321
223361
158823
2070539
912967
1169032
2478662
1963247
2048004
285473
1868825
745369
234612
1348663
1923092
1327956
526221
1209778
2169877
1587527
1446492
1197906
1903694
1597
1701845
1327937
12889
1882832
39689
1081640
1555202
1770232
1527513
1121356
10397
888746
580331
1302179
1432788
650377
157619
2585119
1540090
2320888
1792273
208084
318852
1540094
2014920
1497851
536466
2697005
2033844
698737
1244563
1922385
1076255
1105386
629739
467989
106634
931536
221703
327280
1815986
888050
1898060
1541119
1707785
2588941
1551710
1170424
756272
52770
655098
1814959
40318
1170562
1034140
2610896
2283314
857292
1922896
1309411
1508671
1203393
1608310
342108
1751286
182217
1422
1562651
1461743
1505530
2069323
388919
44026
222136
1660368
1500816
1172562
2484961
1923193
1034103
546183
1118063
1708654
543632
255205
1923689
1873455
1096142
402600
411235
2172099
1972566
1292
2320097
1961
2169933
390443
1987722
2122733
1815969
714067
2681766
857290
2016400
1755693
1874061
71998
387094
354328
2016467
173976
1454021
1958780
39478
1943
1160720
376851
479060
2676309
2233999
616991
374005
2492396
92402
1960658
2212479
360107
1971488
160796
2219136
2018065
2026604
73819
2070366
765177
1912246
1002804
1410664
996816
1035195
1124655
1814285
549687
289377
1034144
1960968
173824
1923169
1476754
2050018
1608114
10093
1891921
232380
272623
1314754
574376
1239567
1544796
2211211
798074
285545
454662
326427
2029986
767519
1983582
1079986
2699
1980486
1033731
421976
1505027
1216932
1904925
39691
1891768
1922644
404937
499556
1567014
2250219
1170234
454798
1442032
1570330
561230
1517416
1707093
1229782
2303411
163655
658057
1561705
1985400
357441
907348
1905677
1246445
2698804
1926648
420246
431891
203119
279824
309800
943342
1074052
1464070
1582153
1286214
1218092
471717
765873
216938
2010269
929506
2714938
1227489
744872
298654
358008
1848042
2120
1923162
92706
1868601
266264
1852644
225849
332101
1235441
754045
665913
1592207
338102
528244
1922636
1827580
1150423
644283
1608099
10041
297254
2169903
1500825
2066479
29556
29429
33040
231049
1272957
105559
1077935
1843368
340177
2169935
29295
1855519
1985364
1922487
2282475
60480
1984871
2170057
1777141
1798219
2675053
743041
328430
263849
1922662
68044
1819301
1739968
1246448
2301529
67267
2483110
190811
1747271
77635
1038856
1472912
1121325
1276257
575917
632773
2320882
2686362
2139
1618246
1195075
642251
1933773
54005
1923146
1923758
415382
576789
1074303
1084722
1423751
584892
217733
1692249
700512
1949069
937835
1035662
1718172
2259807
1114874
1507512
1498188
944492
1775
937928
1774968
1354510
1336233
429572
10288
936153
1262512
754072
935565
1922837
157899
1987500
11085
2049883
112229
28188
1980458
63737
1519393
147469
39791
550542
394958
1038869
591166
439422
211146
2027260
459290
459525
1655016
580033
1408257
1046599
359131
1423796
34002
1112
1249676
1121319
886872
1868600
1969830
1843742
2083207
2020287
1353532
935843
1922817
1501268
459526
619591
146821
1922712
1871681
2054179
2169757
1420583
1660073
1534548
648999
2686263
169960
1803181
2282643
1891242
1445715
1121323
150123
1400053
1204725
1503864
755172
1129794
1395983
1841195
1229751
1494
1265818
1036679
1889813
1916099
49897
273057
374981
1888890
66429
314256
2592046
1739609
28189
1479613
2020881
1477515
2283160
33946
1407499
320856
161899
574700
1121366
66858
411485
1423722
1692107
1923293
211586
1120973
29534
1716143
1357732
594679
171285
525362
757
1125779
1571533
2012677
1071504
864178
2026248
1259973
12436
67774
294365
713585
379066
48543
205880
253702
698489
1559
1931113
2562142
662479
498761
1325446
1441796
59779
563123
1355022
47872
1414720
487049
754064
38302
471871
1907787
2558042
570520
2293285
67257
1923168
418854
1033922
520838
187880
49891
1427157
930129
1111733
1280637
1843736
12480
465541
1408420
866786
2509433
1136231
12895
1197477
281309
607716
1592111
1673719
265546
194948
1394
511969
1500832
2529433
1431395
1016987
166314
236750
2484218
1718273
1079894
2572069
1714366
1349757
249567
1391456
314231
2588490
1922370
1923230
459949
1122148
1623685
568703
693444
1336794
1265817
114090
1122248
1204531
762211
2512240
1105381
39688
1670
1156433
32605
338963
1120952
1321814
1448271
64314
1588764
1887216
1227459
1890302
10726
2484968
2021738
2014076
1001341
1772295
97469
2169827
2267679
1415784
1324617
2572245
272942
904699
1147142
1908
1519399
1922498
908072
1087068
1704090
1448857
35244
554373
1983569
1134912
1843737
2686366
1500805
79236
519442
1349409
868131
106370
1489312
1922798
2026190
1156722
1911586
1836467
2590948
858512
2358187
2529386
54291
214473
655015
1941347
2057025
1923449
1437609
1156431
1458851
171865
1121432
759350
1922862
1714355
1874
1654883
1923662
42789
294671
68876
1821565
2601635
262698
1121293
2599607
96892
1592108
2033721
2023994
1229521
2291614
1850347
1923453
979982
1429912
10829
359962
2026785
2050583
194439
300028
1141657
661399
2715678
1798221
2052821
936152
2030923
1423817
1064539
2528020
1881630
2484932
1054862
536227
1429768
2341086
2682541
1647309
2029667
1268011
2528015
1922597
2364787
2169723
338106
1923249
398511
1034110
693015
1355015
1567011
552554
1914933
1923093
2065380
641510
391904
1843767
1978922
585501
53182
1139996
1780
1219028
2049935
1963032
1136880
1987993
1049970
2589080
1922646
502393
1510155
412418
1391190
764595
1353241
509532
1097754
2485926
2507160
1609559
75747
1474
2585117
2567941
187982
1402860
1993648
2018025
12280
47763
1572656
2548455
12262
161156
691966
1032243
56878
442302
2230900
1983525
2564040
1585246
1406785
1327964
1690456
575913
1289519
2293294
1005941
1437600
2016463
2059724
1423747
428990
1435485
1444308
1933879
1592101
333348
1673886
1294265
307240
1922892
11588
1230460
1264880
1541690
414996
74704
1906744
1412875
1922458
1276258
395349
1220561
1105379
1458425
1923096
562983
1303692
1507984
2170105
577
1500828
306537
100887
11250
83382
1922706
430911
644281
402612
12542
53952
1123366
1223503
1647373
58344
450367
1618249
1747282
1526550
134632
425386
1121027
391937
557723
205914
999288
2204145
688699
1223549
1647300
35286
272567
2306023
12045
479435
2170130
911045
488255
1321606
2496544
1685777
72539
1136731
272844
270673
267747
1898044
1633187
35818
66373
1690815
2582830
1219024
344880
225345
287752
255131
2010325
248053
1236954
1350482
2488819
1955196
1423749
1055104
1458669
720554
1776177
2500828
1685761
561505
1898103
1193422
345184
1814282
363835
1685729
2282646
213615
49339
243899
46618
1685772
1685734
2598861
1843768
54062
2012640
1121368
1188793
742766
2003551
1636152
380394
68203
1676185
1980165
248496
1335062
1923504
760570
1848151
1756988
1235647
1278479
930152
353852
1444770
240492
43354
560556
255431
1925020
468556
390845
89471
1429905
2219092
2565555
2121
1121333
1234872
1848040
683228
1458426
663278
2016426
1229205
1622115
795694
1736674
1647475
294699
1912856
642022
1123060
1220567
1810947
867900
1870984
1476889
223287
1589274
571190
390874
1755681
1692247
891974
1985968
512373
12904
85571
1923285
1041522
1527536
420999
1248727
1577690
2080751
1934
653358
1783498
727962
1423748
2022783
53188
1643325
1511807
1105378
1486660
535898
237020
728066
53462
291272
706437
1548208
1036613
2484912
1219035
1608047
1227457
1504
379728
1689785
1341694
1671396
2320113
2588535
2520506
1554501
185761
1122191
2010333
1844927
316278
1718278
2218611
862751
932073
1922756
1010667
1483724
1033976
2070537
1784982
576790
1434102
579137
543527
12315
175814
246196
217204
767473
1382315
861044
666363
1842535
2510480
766747
1239439
1352941
664785
691963
2021370
1727214
1141106
1121267
529380
940284
1406790
1609758
28898
583346
1922718
2728853
55207
688079
1223544
2714945
548579
452652
2079554
1307804
188938
67355
76343
634956
520459
43768
1399968
239935
1468597
2010284
1445858
1639348
254247
1861711
223260
1402861
1793
861109
1495285
1849838
59813
1211806
45219
1206816
1898203
943908
1169913
1650658
1423750
1211481
2739434
383372
562742
713091
1923271
1218078
103690
1497
457427
12472
1987021
320834
1401064
1348774
44467
1137931
243230
2599401
1239381
1646340
1922761
1560514
85693
2713276
104637
452863
1732064
443746
1380430
1654388
1922945
2079598
367825
2059264
1294142
2203894
1932004
1300004
1033736
1034150
2448811
178599
2681594
1637527
2570229
1922449
1340818
67260
263001
764562
32619
1985404
2218612
997350
92401
2077296
1307800
1532882
1825924
1265816
1923186
100220
343013
419610
1923406
274537
642255
199136
1197174
553220
1500819
1358420
1573459
196089
1513519
1923278
68179
2010246
1237364
1747360
1073950
150336
292913
2070195
1855510
2025492
1175486
1678225
494651
189918
2010960
216963
1210082
1849032
114922
2020486
1089115
859143
445972
2116736
237716
1678170
2169965
1927714
2320184
1923107
1162967
68270
2170198
96029
1923425
1567028
1301220
1071506
1071679
1229758
29332
1123318
1887218
1437594
658225
1034111
1214101
1261100
141949
2009331
1331744
1121901
1074306
1798222
1273755
83871
112227
509923
2059875
2382163
273119
386300
1923613
473781
312285
1048207
1213198
928211
48003
1238455
223300
1221835
1923342
1650
316284
396013
39694
1530400
1907781
443612
299152
2004966
1031746
1034142
1530093
1893
367743
1935204
1558467
2588536
1960710
1423729
2016517
145856
2596966
1922932
1923480
563996
1979387
1911438
1448276
2716812
1548917
1920128
157910
61647
1233170
1701807
1095768
1089132
1843734
1052585
55096
2012495
572290
1340824
28874
1471542
1843740
2419618
2502843
292278
1678234
1068978
1712570
1904884
1440774
1406780
2055
1933272
930942
270473
2039870
1032362
1673887
2593674
2169908
2293299
1434107
1567009
12194
858516
1213406
2020130
156994
2708562
1765049
2066051
232348
1775140
1992
1788447
1235801
2026188
1197953
1090319
203173
1581680
1658664
518642
1436892
575594
762376
2666307
2321403
233051
1604356
439491
278992
1923080
11596
2015804
1912492
1408467
2420237
67381
46916
1923324
1121340
285258
2052742
37928
1461338
2008772
1235259
1659219
2169991
2681606
10338
1121335
1973488
45498
1527469
2320105
1073959
1548918
1277351
1408144
1814287
1917412
1983539
472175
319225
219649
1385519
634168
1423805
353765
53972
2267253
1685767
1337958
365609
1046596
1922386
1732176
1736759
1923469
2010283
12151
376848
2713314
1486403
2484945
28094
11176
1187080
988821
1071488
66370
1855383
1923125
12814
1641165
2291
1118379
1357915
484019
398527
2486577
1637999
1608094
1440170
1730894
1019
11868
1073766
1923679
603333
439421
1868325
2704467
1873341
1034806
1127672
326298
1230342
2499213
171282
762213
391905
1432847
2301648
1454373
1199245
480391
1923263
212423
1545044
1598
2301647
436066
1980161
381666
1425362
1430440
1459
1282444
1701404
318586
767029
1386090
1481139
35302
1458670
1922393
262667
1138871
1636271
381764
948071
1161934
1500802
1121364
397342
1555233
1486427
2067573
2019445
1141883
1922823
52979
1770613
59305
1825950
1774743
2714929
12042
1454022
1223259
525260
2572065
436114
287094
86660
1581151
153496
75658
1294
1493691
1922530
1273429
2530032
1448274
1843237
2133765
1458853
1647308
10991
1564097
1347369
1423789
1887217
1122147
1639690
93973
2511069
2099788
40522
1330043
1493514
447217
1560313
1848755
1923255
1675554
1881022
2291321
64295
981330
2686244
1329649
2169724
1527514
1922710
195061
1388882
1855875
523791
37929
45764
1922362
887325
795642
2608320
1343740
33881
1227460
1592091
1284
2282645
2013564
565655
2528831
548479
1349762
205869
1552759
1909267
1204252
551224
355278
1522308
2029669
1535962
1567025
1254420
1052209
76936
1923713
1437064
28321
296190
1891738
41673
1708715
1922766
1955054
429134
1774373
1628753
1526408
1933298
1618248
1004901
66692
1521385
1119529
1128118
2320186
768679
1821625
1034118
2282652
1610838
2170089
2026782
1922867
1765722
1127491
1090316
573900
1608066
2026754
2018313
415425
1674923
1814280
46541
1110702
1168595
1082931
1567472
64286
356829
1453404
1655013
1323529
1096868
743965
1206736
1923320
198107
340322
879096
1924287
552592
1084719
38026
1913570
1432135
1930251
264251
2061
2488639
1507403
629735
1923279
1922809
1960252
1673720
220927
1922433
159140
1406792
2340
2169829
570832
1977640
147448
754517
1521390
508419
519015
1851167
2004965
1500818
45455
339860
1391224
28072
2047767
479432
175306
596319
444060
33757
1132444
1572712
1462747
1121867
1055723
297352
1511
1560234
243956
1128119
883812
1914525
2268179
1418104
333968
1403313
1262521
1692242
742163
2093496
223352
86102
1120936
1326
1161930
1402208
1486422
1159488
2588502
1923003
1923441
1265601
29553
2562705
38875
1983561
1427476
1219049
52242
1128421
2510943
1540091
1194091
1923452
1888
10730
1761016
1123384
592050
2292642
1121029
42239
2024309
1562065
436242
1980463
2726118
1140002
2478537
637971
1002359
1692248
1592102
486494
1528106
929766
2025360
101510
2340717
1516
1592110
1408103
2048003
1048668
2109374
1493858
1702106
1908264
1423802
54315
652718
2133944
1538452
2016402
1211383
1923356
393065
866777
395964
1658672
35755
1908263
1454025
1048855
64296
1937461
1150389
151536
409486
338105
1229324
112090
1964370
1922357
1986155
12215
38525
1772311
1500812
1940
904722
1906172
1922379
1072256
2037915
234621
673515
1778540
2484964
1572743
1561223
1123312
1434099
32615
167539
1437453
68244
1923692
2654284
1296538
2505970
1673681
1185412
1071502
547467
1446792
1121111
1892
1327968
10708
526977
1922858
1906668
1551641
722755
1712572
405535
1589270
1437605
33922
1673723
1121345
2083199
1561023
200378
1587515
1206729
2010331
993692
1913578
169691
196095
1033802
1089454
1454227
1150992
2079793
1923338
1041929
67327
937927
638953
2109692
646637
326423
1227357
150831
2686247
313603
1279365
874272
1922998
1684115
2582913
1758139
43348
759389
2517212
1546177
1746069
1408429
1923773
1054217
2528009
1777135
236068
348151
1815590
10651
12432
1812480
2547970
1074451
1705566
1720595
2577098
1434108
2301688
903983
272631
998087
2267237
314608
361100
1080799
1242247
1246995
173860
12430
2249356
1922783
2170108
12898
864569
2183896
31954
56486
2008766
418699
1796997
1907578
1923121
1888311
2010326
1303921
439426
1922799
1930507
2053723
1041806
523847
1923371
1112631
943083
111780
192421
1415781
1124578
12063
2681388
1746070
1679524
1542745
1452722
1916111
1977864
1887214
2108116
264445
1500810
685727
318596
1805470
2282700
696863
2109690
157227
1501716
710421
1923002
321984
1300165
1089120
1156719
984175
881621
526226
12072
362948
341035
673835
1264579
1406134
1618260
2126099
1389192
1034152
1133849
2528243
1005926
221054
1737586
1816615
1647391
589240
1810952
1685502
2496847
1138383
1121339
520962
1826170
2293568
2698828
2714923
1408422
1268285
1034116
1923112
33907
673837
1769423
284579
1922692
1926501
33050
1304158
1114942
1843772
2283635
332937
1460451
235205
561231
1499683
1449355
1820158
1465618
1917441
388452
371720
1886606
228229
1285583
1932007
120086
1392
1233488
883169
43667
2507578
1109716
1571
1049789
655816
153494
1515612
2419805
1843769
169430
193462
1121482
553212
1150157
32620
1508220
634177
2080759
1898207
1304275
78345
1327959
1500865
223328
1285242
1618239
1392231
1137989
1933063
66892
1896
1540095
1495316
1772296
139870
2072209
1796628
1347368
1089108
273356
1476487
914150
2017724
1923630
96491
1423765
1579424
1219053
1816684
2056885
253454
1460070
1219017
1592129
1922525
1519387
570950
1911554
577122
12851
2100727
185783
796943
1475062
1788456
2006074
1922452
285535
1685725
2484962
35291
1860122
57320
178354
712122
2109913
1556290
1608058
316280
1257026
413258
561177
2563904
583358
1108045
580247
223392
445686
1218933
1981512
1923282
42478
2662296
1884634
1774969
1698420
1035485
1028801
666961
1280380
1705562
1894
